1444 2812
0 1
0 38
1 2
1 39
2 3
2 40
3 4
3 41
4 5
4 42
5 6
5 43
6 7
6 44
7 8
7 45
8 9
8 46
9 10
9 47
10 11
10 48
11 12
11 49
12 13
12 50
13 14
13 51
14 15
14 52
15 16
15 53
16 17
16 54
17 18
17 55
18 19
18 56
19 20
19 57
20 21
20 58
21 22
21 59
22 23
22 60
23 24
23 61
24 25
24 62
25 26
25 63
26 27
26 64
27 28
27 65
28 29
28 66
29 30
29 67
30 31
30 68
31 32
31 69
32 33
32 70
33 34
33 71
34 35
34 72
35 36
35 73
36 37
36 74
37 75
38 39
38 76
39 40
39 77
40 41
40 78
41 42
41 79
42 43
42 80
43 44
43 81
44 45
44 82
45 46
45 83
46 47
46 84
47 48
47 85
48 49
48 86
49 50
49 87
50 51
50 88
51 52
51 89
52 53
52 90
53 54
53 91
54 55
54 92
55 56
55 93
56 57
56 94
57 58
57 95
58 59
58 96
59 60
59 97
60 61
60 98
61 62
61 99
62 63
62 100
63 64
63 101
64 65
64 102
65 66
65 103
66 67
66 104
67 68
67 105
68 69
68 106
69 70
69 107
70 71
70 108
71 72
71 109
72 73
72 110
73 74
73 111
74 75
74 112
75 113
76 77
76 114
77 78
77 115
78 79
78 116
79 80
79 117
80 81
80 118
81 82
81 119
82 83
82 120
83 84
83 121
84 85
84 122
85 86
85 123
86 87
86 124
87 88
87 125
88 89
88 126
89 90
89 127
90 91
90 128
91 92
91 129
92 93
92 130
93 94
93 131
94 95
94 132
95 96
95 133
96 97
96 134
97 98
97 135
98 99
98 136
99 100
99 137
100 101
100 138
101 102
101 139
102 103
102 140
103 104
103 141
104 105
104 142
105 106
105 143
106 107
106 144
107 108
107 145
108 109
108 146
109 110
109 147
110 111
110 148
111 112
111 149
112 113
112 150
113 151
114 115
114 152
115 116
115 153
116 117
116 154
117 118
117 155
118 119
118 156
119 120
119 157
120 121
120 158
121 122
121 159
122 123
122 160
123 124
123 161
124 125
124 162
125 126
125 163
126 127
126 164
127 128
127 165
128 129
128 166
129 130
129 167
130 131
130 168
131 132
131 169
132 133
132 170
133 134
133 171
134 135
134 172
135 136
135 173
136 137
136 174
137 138
137 175
138 139
138 176
139 140
139 177
140 141
140 178
141 142
141 179
142 143
142 180
143 144
143 181
144 145
144 182
145 146
145 183
146 147
146 184
147 148
147 185
148 149
148 186
149 150
149 187
150 151
150 188
151 189
152 153
152 190
153 154
153 191
154 155
154 192
155 156
155 193
156 157
156 194
157 158
157 195
158 159
158 196
159 160
159 197
160 161
160 198
161 162
161 199
162 163
162 200
163 164
163 201
164 165
164 202
165 166
165 203
166 167
166 204
167 168
167 205
168 169
168 206
169 170
169 207
170 171
170 208
171 172
171 209
172 173
172 210
173 174
173 211
174 175
174 212
175 176
175 213
176 177
176 214
177 178
177 215
178 179
178 216
179 180
179 217
180 181
180 218
181 182
181 219
182 183
182 220
183 184
183 221
184 185
184 222
185 186
185 223
186 187
186 224
187 188
187 225
188 189
188 226
189 227
190 191
190 228
191 192
191 229
192 193
192 230
193 194
193 231
194 195
194 232
195 196
195 233
196 197
196 234
197 198
197 235
198 199
198 236
199 200
199 237
200 201
200 238
201 202
201 239
202 203
202 240
203 204
203 241
204 205
204 242
205 206
205 243
206 207
206 244
207 208
207 245
208 209
208 246
209 210
209 247
210 211
210 248
211 212
211 249
212 213
212 250
213 214
213 251
214 215
214 252
215 216
215 253
216 217
216 254
217 218
217 255
218 219
218 256
219 220
219 257
220 221
220 258
221 222
221 259
222 223
222 260
223 224
223 261
224 225
224 262
225 226
225 263
226 227
226 264
227 265
228 229
228 266
229 230
229 267
230 231
230 268
231 232
231 269
232 233
232 270
233 234
233 271
234 235
234 272
235 236
235 273
236 237
236 274
237 238
237 275
238 239
238 276
239 240
239 277
240 241
240 278
241 242
241 279
242 243
242 280
243 244
243 281
244 245
244 282
245 246
245 283
246 247
246 284
247 248
247 285
248 249
248 286
249 250
249 287
250 251
250 288
251 252
251 289
252 253
252 290
253 254
253 291
254 255
254 292
255 256
255 293
256 257
256 294
257 258
257 295
258 259
258 296
259 260
259 297
260 261
260 298
261 262
261 299
262 263
262 300
263 264
263 301
264 265
264 302
265 303
266 267
266 304
267 268
267 305
268 269
268 306
269 270
269 307
270 271
270 308
271 272
271 309
272 273
272 310
273 274
273 311
274 275
274 312
275 276
275 313
276 277
276 314
277 278
277 315
278 279
278 316
279 280
279 317
280 281
280 318
281 282
281 319
282 283
282 320
283 284
283 321
284 285
284 322
285 286
285 323
286 287
286 324
287 288
287 325
288 289
288 326
289 290
289 327
290 291
290 328
291 292
291 329
292 293
292 330
293 294
293 331
294 295
294 332
295 296
295 333
296 297
296 334
297 298
297 335
298 299
298 336
299 300
299 337
300 301
300 338
301 302
301 339
302 303
302 340
303 341
304 305
304 342
305 306
305 343
306 307
306 344
307 308
307 345
308 309
308 346
309 310
309 347
310 311
310 348
311 312
311 349
312 313
312 350
313 314
313 351
314 315
314 352
315 316
315 353
316 317
316 354
317 318
317 355
318 319
318 356
319 320
319 357
320 321
320 358
321 322
321 359
322 323
322 360
323 324
323 361
324 325
324 362
325 326
325 363
326 327
326 364
327 328
327 365
328 329
328 366
329 330
329 367
330 331
330 368
331 332
331 369
332 333
332 370
333 334
333 371
334 335
334 372
335 336
335 373
336 337
336 374
337 338
337 375
338 339
338 376
339 340
339 377
340 341
340 378
341 379
342 343
342 380
343 344
343 381
344 345
344 382
345 346
345 383
346 347
346 384
347 348
347 385
348 349
348 386
349 350
349 387
350 351
350 388
351 352
351 389
352 353
352 390
353 354
353 391
354 355
354 392
355 356
355 393
356 357
356 394
357 358
357 395
358 359
358 396
359 360
359 397
360 361
360 398
361 362
361 399
362 363
362 400
363 364
363 401
364 365
364 402
365 366
365 403
366 367
366 404
367 368
367 405
368 369
368 406
369 370
369 407
370 371
370 408
371 372
371 409
372 373
372 410
373 374
373 411
374 375
374 412
375 376
375 413
376 377
376 414
377 378
377 415
378 379
378 416
379 417
380 381
380 418
381 382
381 419
382 383
382 420
383 384
383 421
384 385
384 422
385 386
385 423
386 387
386 424
387 388
387 425
388 389
388 426
389 390
389 427
390 391
390 428
391 392
391 429
392 393
392 430
393 394
393 431
394 395
394 432
395 396
395 433
396 397
396 434
397 398
397 435
398 399
398 436
399 400
399 437
400 401
400 438
401 402
401 439
402 403
402 440
403 404
403 441
404 405
404 442
405 406
405 443
406 407
406 444
407 408
407 445
408 409
408 446
409 410
409 447
410 411
410 448
411 412
411 449
412 413
412 450
413 414
413 451
414 415
414 452
415 416
415 453
416 417
416 454
417 455
418 419
418 456
419 420
419 457
420 421
420 458
421 422
421 459
422 423
422 460
423 424
423 461
424 425
424 462
425 426
425 463
426 427
426 464
427 428
427 465
428 429
428 466
429 430
429 467
430 431
430 468
431 432
431 469
432 433
432 470
433 434
433 471
434 435
434 472
435 436
435 473
436 437
436 474
437 438
437 475
438 439
438 476
439 440
439 477
440 441
440 478
441 442
441 479
442 443
442 480
443 444
443 481
444 445
444 482
445 446
445 483
446 447
446 484
447 448
447 485
448 449
448 486
449 450
449 487
450 451
450 488
451 452
451 489
452 453
452 490
453 454
453 491
454 455
454 492
455 493
456 457
456 494
457 458
457 495
458 459
458 496
459 460
459 497
460 461
460 498
461 462
461 499
462 463
462 500
463 464
463 501
464 465
464 502
465 466
465 503
466 467
466 504
467 468
467 505
468 469
468 506
469 470
469 507
470 471
470 508
471 472
471 509
472 473
472 510
473 474
473 511
474 475
474 512
475 476
475 513
476 477
476 514
477 478
477 515
478 479
478 516
479 480
479 517
480 481
480 518
481 482
481 519
482 483
482 520
483 484
483 521
484 485
484 522
485 486
485 523
486 487
486 524
487 488
487 525
488 489
488 526
489 490
489 527
490 491
490 528
491 492
491 529
492 493
492 530
493 531
494 495
494 532
495 496
495 533
496 497
496 534
497 498
497 535
498 499
498 536
499 500
499 537
500 501
500 538
501 502
501 539
502 503
502 540
503 504
503 541
504 505
504 542
505 506
505 543
506 507
506 544
507 508
507 545
508 509
508 546
509 510
509 547
510 511
510 548
511 512
511 549
512 513
512 550
513 514
513 551
514 515
514 552
515 516
515 553
516 517
516 554
517 518
517 555
518 519
518 556
519 520
519 557
520 521
520 558
521 522
521 559
522 523
522 560
523 524
523 561
524 525
524 562
525 526
525 563
526 527
526 564
527 528
527 565
528 529
528 566
529 530
529 567
530 531
530 568
531 569
532 533
532 570
533 534
533 571
534 535
534 572
535 536
535 573
536 537
536 574
537 538
537 575
538 539
538 576
539 540
539 577
540 541
540 578
541 542
541 579
542 543
542 580
543 544
543 581
544 545
544 582
545 546
545 583
546 547
546 584
547 548
547 585
548 549
548 586
549 550
549 587
550 551
550 588
551 552
551 589
552 553
552 590
553 554
553 591
554 555
554 592
555 556
555 593
556 557
556 594
557 558
557 595
558 559
558 596
559 560
559 597
560 561
560 598
561 562
561 599
562 563
562 600
563 564
563 601
564 565
564 602
565 566
565 603
566 567
566 604
567 568
567 605
568 569
568 606
569 607
570 571
570 608
571 572
571 609
572 573
572 610
573 574
573 611
574 575
574 612
575 576
575 613
576 577
576 614
577 578
577 615
578 579
578 616
579 580
579 617
580 581
580 618
581 582
581 619
582 583
582 620
583 584
583 621
584 585
584 622
585 586
585 623
586 587
586 624
587 588
587 625
588 589
588 626
589 590
589 627
590 591
590 628
591 592
591 629
592 593
592 630
593 594
593 631
594 595
594 632
595 596
595 633
596 597
596 634
597 598
597 635
598 599
598 636
599 600
599 637
600 601
600 638
601 602
601 639
602 603
602 640
603 604
603 641
604 605
604 642
605 606
605 643
606 607
606 644
607 645
608 609
608 646
609 610
609 647
610 611
610 648
611 612
611 649
612 613
612 650
613 614
613 651
614 615
614 652
615 616
615 653
616 617
616 654
617 618
617 655
618 619
618 656
619 620
619 657
620 621
620 658
621 622
621 659
622 623
622 660
623 624
623 661
624 625
624 662
625 626
625 663
626 627
626 664
627 628
627 665
628 629
628 666
629 630
629 667
630 631
630 668
631 632
631 669
632 633
632 670
633 634
633 671
634 635
634 672
635 636
635 673
636 637
636 674
637 638
637 675
638 639
638 676
639 640
639 677
640 641
640 678
641 642
641 679
642 643
642 680
643 644
643 681
644 645
644 682
645 683
646 647
646 684
647 648
647 685
648 649
648 686
649 650
649 687
650 651
650 688
651 652
651 689
652 653
652 690
653 654
653 691
654 655
654 692
655 656
655 693
656 657
656 694
657 658
657 695
658 659
658 696
659 660
659 697
660 661
660 698
661 662
661 699
662 663
662 700
663 664
663 701
664 665
664 702
665 666
665 703
666 667
666 704
667 668
667 705
668 669
668 706
669 670
669 707
670 671
670 708
671 672
671 709
672 673
672 710
673 674
673 711
674 675
674 712
675 676
675 713
676 677
676 714
677 678
677 715
678 679
678 716
679 680
679 717
680 681
680 718
681 682
681 719
682 683
682 720
683 721
684 685
684 722
685 686
685 723
686 687
686 724
687 688
687 725
688 689
688 726
689 690
689 727
690 691
690 728
691 692
691 729
692 693
692 730
693 694
693 731
694 695
694 732
695 696
695 733
696 697
696 734
697 698
697 735
698 699
698 736
699 700
699 737
700 701
700 738
701 702
701 739
702 703
702 740
703 704
703 741
704 705
704 742
705 706
705 743
706 707
706 744
707 708
707 745
708 709
708 746
709 710
709 747
710 711
710 748
711 712
711 749
712 713
712 750
713 714
713 751
714 715
714 752
715 716
715 753
716 717
716 754
717 718
717 755
718 719
718 756
719 720
719 757
720 721
720 758
721 759
722 723
722 760
723 724
723 761
724 725
724 762
725 726
725 763
726 727
726 764
727 728
727 765
728 729
728 766
729 730
729 767
730 731
730 768
731 732
731 769
732 733
732 770
733 734
733 771
734 735
734 772
735 736
735 773
736 737
736 774
737 738
737 775
738 739
738 776
739 740
739 777
740 741
740 778
741 742
741 779
742 743
742 780
743 744
743 781
744 745
744 782
745 746
745 783
746 747
746 784
747 748
747 785
748 749
748 786
749 750
749 787
750 751
750 788
751 752
751 789
752 753
752 790
753 754
753 791
754 755
754 792
755 756
755 793
756 757
756 794
757 758
757 795
758 759
758 796
759 797
760 761
760 798
761 762
761 799
762 763
762 800
763 764
763 801
764 765
764 802
765 766
765 803
766 767
766 804
767 768
767 805
768 769
768 806
769 770
769 807
770 771
770 808
771 772
771 809
772 773
772 810
773 774
773 811
774 775
774 812
775 776
775 813
776 777
776 814
777 778
777 815
778 779
778 816
779 780
779 817
780 781
780 818
781 782
781 819
782 783
782 820
783 784
783 821
784 785
784 822
785 786
785 823
786 787
786 824
787 788
787 825
788 789
788 826
789 790
789 827
790 791
790 828
791 792
791 829
792 793
792 830
793 794
793 831
794 795
794 832
795 796
795 833
796 797
796 834
797 835
798 799
798 836
799 800
799 837
800 801
800 838
801 802
801 839
802 803
802 840
803 804
803 841
804 805
804 842
805 806
805 843
806 807
806 844
807 808
807 845
808 809
808 846
809 810
809 847
810 811
810 848
811 812
811 849
812 813
812 850
813 814
813 851
814 815
814 852
815 816
815 853
816 817
816 854
817 818
817 855
818 819
818 856
819 820
819 857
820 821
820 858
821 822
821 859
822 823
822 860
823 824
823 861
824 825
824 862
825 826
825 863
826 827
826 864
827 828
827 865
828 829
828 866
829 830
829 867
830 831
830 868
831 832
831 869
832 833
832 870
833 834
833 871
834 835
834 872
835 873
836 837
836 874
837 838
837 875
838 839
838 876
839 840
839 877
840 841
840 878
841 842
841 879
842 843
842 880
843 844
843 881
844 845
844 882
845 846
845 883
846 847
846 884
847 848
847 885
848 849
848 886
849 850
849 887
850 851
850 888
851 852
851 889
852 853
852 890
853 854
853 891
854 855
854 892
855 856
855 893
856 857
856 894
857 858
857 895
858 859
858 896
859 860
859 897
860 861
860 898
861 862
861 899
862 863
862 900
863 864
863 901
864 865
864 902
865 866
865 903
866 867
866 904
867 868
867 905
868 869
868 906
869 870
869 907
870 871
870 908
871 872
871 909
872 873
872 910
873 911
874 875
874 912
875 876
875 913
876 877
876 914
877 878
877 915
878 879
878 916
879 880
879 917
880 881
880 918
881 882
881 919
882 883
882 920
883 884
883 921
884 885
884 922
885 886
885 923
886 887
886 924
887 888
887 925
888 889
888 926
889 890
889 927
890 891
890 928
891 892
891 929
892 893
892 930
893 894
893 931
894 895
894 932
895 896
895 933
896 897
896 934
897 898
897 935
898 899
898 936
899 900
899 937
900 901
900 938
901 902
901 939
902 903
902 940
903 904
903 941
904 905
904 942
905 906
905 943
906 907
906 944
907 908
907 945
908 909
908 946
909 910
909 947
910 911
910 948
911 949
912 913
912 950
913 914
913 951
914 915
914 952
915 916
915 953
916 917
916 954
917 918
917 955
918 919
918 956
919 920
919 957
920 921
920 958
921 922
921 959
922 923
922 960
923 924
923 961
924 925
924 962
925 926
925 963
926 927
926 964
927 928
927 965
928 929
928 966
929 930
929 967
930 931
930 968
931 932
931 969
932 933
932 970
933 934
933 971
934 935
934 972
935 936
935 973
936 937
936 974
937 938
937 975
938 939
938 976
939 940
939 977
940 941
940 978
941 942
941 979
942 943
942 980
943 944
943 981
944 945
944 982
945 946
945 983
946 947
946 984
947 948
947 985
948 949
948 986
949 987
950 951
950 988
951 952
951 989
952 953
952 990
953 954
953 991
954 955
954 992
955 956
955 993
956 957
956 994
957 958
957 995
958 959
958 996
959 960
959 997
960 961
960 998
961 962
961 999
962 963
962 1000
963 964
963 1001
964 965
964 1002
965 966
965 1003
966 967
966 1004
967 968
967 1005
968 969
968 1006
969 970
969 1007
970 971
970 1008
971 972
971 1009
972 973
972 1010
973 974
973 1011
974 975
974 1012
975 976
975 1013
976 977
976 1014
977 978
977 1015
978 979
978 1016
979 980
979 1017
980 981
980 1018
981 982
981 1019
982 983
982 1020
983 984
983 1021
984 985
984 1022
985 986
985 1023
986 987
986 1024
987 1025
988 989
988 1026
989 990
989 1027
990 991
990 1028
991 992
991 1029
992 993
992 1030
993 994
993 1031
994 995
994 1032
995 996
995 1033
996 997
996 1034
997 998
997 1035
998 999
998 1036
999 1000
999 1037
1000 1001
1000 1038
1001 1002
1001 1039
1002 1003
1002 1040
1003 1004
1003 1041
1004 1005
1004 1042
1005 1006
1005 1043
1006 1007
1006 1044
1007 1008
1007 1045
1008 1009
1008 1046
1009 1010
1009 1047
1010 1011
1010 1048
1011 1012
1011 1049
1012 1013
1012 1050
1013 1014
1013 1051
1014 1015
1014 1052
1015 1016
1015 1053
1016 1017
1016 1054
1017 1018
1017 1055
1018 1019
1018 1056
1019 1020
1019 1057
1020 1021
1020 1058
1021 1022
1021 1059
1022 1023
1022 1060
1023 1024
1023 1061
1024 1025
1024 1062
1025 1063
1026 1027
1026 1064
1027 1028
1027 1065
1028 1029
1028 1066
1029 1030
1029 1067
1030 1031
1030 1068
1031 1032
1031 1069
1032 1033
1032 1070
1033 1034
1033 1071
1034 1035
1034 1072
1035 1036
1035 1073
1036 1037
1036 1074
1037 1038
1037 1075
1038 1039
1038 1076
1039 1040
1039 1077
1040 1041
1040 1078
1041 1042
1041 1079
1042 1043
1042 1080
1043 1044
1043 1081
1044 1045
1044 1082
1045 1046
1045 1083
1046 1047
1046 1084
1047 1048
1047 1085
1048 1049
1048 1086
1049 1050
1049 1087
1050 1051
1050 1088
1051 1052
1051 1089
1052 1053
1052 1090
1053 1054
1053 1091
1054 1055
1054 1092
1055 1056
1055 1093
1056 1057
1056 1094
1057 1058
1057 1095
1058 1059
1058 1096
1059 1060
1059 1097
1060 1061
1060 1098
1061 1062
1061 1099
1062 1063
1062 1100
1063 1101
1064 1065
1064 1102
1065 1066
1065 1103
1066 1067
1066 1104
1067 1068
1067 1105
1068 1069
1068 1106
1069 1070
1069 1107
1070 1071
1070 1108
1071 1072
1071 1109
1072 1073
1072 1110
1073 1074
1073 1111
1074 1075
1074 1112
1075 1076
1075 1113
1076 1077
1076 1114
1077 1078
1077 1115
1078 1079
1078 1116
1079 1080
1079 1117
1080 1081
1080 1118
1081 1082
1081 1119
1082 1083
1082 1120
1083 1084
1083 1121
1084 1085
1084 1122
1085 1086
1085 1123
1086 1087
1086 1124
1087 1088
1087 1125
1088 1089
1088 1126
1089 1090
1089 1127
1090 1091
1090 1128
1091 1092
1091 1129
1092 1093
1092 1130
1093 1094
1093 1131
1094 1095
1094 1132
1095 1096
1095 1133
1096 1097
1096 1134
1097 1098
1097 1135
1098 1099
1098 1136
1099 1100
1099 1137
1100 1101
1100 1138
1101 1139
1102 1103
1102 1140
1103 1104
1103 1141
1104 1105
1104 1142
1105 1106
1105 1143
1106 1107
1106 1144
1107 1108
1107 1145
1108 1109
1108 1146
1109 1110
1109 1147
1110 1111
1110 1148
1111 1112
1111 1149
1112 1113
1112 1150
1113 1114
1113 1151
1114 1115
1114 1152
1115 1116
1115 1153
1116 1117
1116 1154
1117 1118
1117 1155
1118 1119
1118 1156
1119 1120
1119 1157
1120 1121
1120 1158
1121 1122
1121 1159
1122 1123
1122 1160
1123 1124
1123 1161
1124 1125
1124 1162
1125 1126
1125 1163
1126 1127
1126 1164
1127 1128
1127 1165
1128 1129
1128 1166
1129 1130
1129 1167
1130 1131
1130 1168
1131 1132
1131 1169
1132 1133
1132 1170
1133 1134
1133 1171
1134 1135
1134 1172
1135 1136
1135 1173
1136 1137
1136 1174
1137 1138
1137 1175
1138 1139
1138 1176
1139 1177
1140 1141
1140 1178
1141 1142
1141 1179
1142 1143
1142 1180
1143 1144
1143 1181
1144 1145
1144 1182
1145 1146
1145 1183
1146 1147
1146 1184
1147 1148
1147 1185
1148 1149
1148 1186
1149 1150
1149 1187
1150 1151
1150 1188
1151 1152
1151 1189
1152 1153
1152 1190
1153 1154
1153 1191
1154 1155
1154 1192
1155 1156
1155 1193
1156 1157
1156 1194
1157 1158
1157 1195
1158 1159
1158 1196
1159 1160
1159 1197
1160 1161
1160 1198
1161 1162
1161 1199
1162 1163
1162 1200
1163 1164
1163 1201
1164 1165
1164 1202
1165 1166
1165 1203
1166 1167
1166 1204
1167 1168
1167 1205
1168 1169
1168 1206
1169 1170
1169 1207
1170 1171
1170 1208
1171 1172
1171 1209
1172 1173
1172 1210
1173 1174
1173 1211
1174 1175
1174 1212
1175 1176
1175 1213
1176 1177
1176 1214
1177 1215
1178 1179
1178 1216
1179 1180
1179 1217
1180 1181
1180 1218
1181 1182
1181 1219
1182 1183
1182 1220
1183 1184
1183 1221
1184 1185
1184 1222
1185 1186
1185 1223
1186 1187
1186 1224
1187 1188
1187 1225
1188 1189
1188 1226
1189 1190
1189 1227
1190 1191
1190 1228
1191 1192
1191 1229
1192 1193
1192 1230
1193 1194
1193 1231
1194 1195
1194 1232
1195 1196
1195 1233
1196 1197
1196 1234
1197 1198
1197 1235
1198 1199
1198 1236
1199 1200
1199 1237
1200 1201
1200 1238
1201 1202
1201 1239
1202 1203
1202 1240
1203 1204
1203 1241
1204 1205
1204 1242
1205 1206
1205 1243
1206 1207
1206 1244
1207 1208
1207 1245
1208 1209
1208 1246
1209 1210
1209 1247
1210 1211
1210 1248
1211 1212
1211 1249
1212 1213
1212 1250
1213 1214
1213 1251
1214 1215
1214 1252
1215 1253
1216 1217
1216 1254
1217 1218
1217 1255
1218 1219
1218 1256
1219 1220
1219 1257
1220 1221
1220 1258
1221 1222
1221 1259
1222 1223
1222 1260
1223 1224
1223 1261
1224 1225
1224 1262
1225 1226
1225 1263
1226 1227
1226 1264
1227 1228
1227 1265
1228 1229
1228 1266
1229 1230
1229 1267
1230 1231
1230 1268
1231 1232
1231 1269
1232 1233
1232 1270
1233 1234
1233 1271
1234 1235
1234 1272
1235 1236
1235 1273
1236 1237
1236 1274
1237 1238
1237 1275
1238 1239
1238 1276
1239 1240
1239 1277
1240 1241
1240 1278
1241 1242
1241 1279
1242 1243
1242 1280
1243 1244
1243 1281
1244 1245
1244 1282
1245 1246
1245 1283
1246 1247
1246 1284
1247 1248
1247 1285
1248 1249
1248 1286
1249 1250
1249 1287
1250 1251
1250 1288
1251 1252
1251 1289
1252 1253
1252 1290
1253 1291
1254 1255
1254 1292
1255 1256
1255 1293
1256 1257
1256 1294
1257 1258
1257 1295
1258 1259
1258 1296
1259 1260
1259 1297
1260 1261
1260 1298
1261 1262
1261 1299
1262 1263
1262 1300
1263 1264
1263 1301
1264 1265
1264 1302
1265 1266
1265 1303
1266 1267
1266 1304
1267 1268
1267 1305
1268 1269
1268 1306
1269 1270
1269 1307
1270 1271
1270 1308
1271 1272
1271 1309
1272 1273
1272 1310
1273 1274
1273 1311
1274 1275
1274 1312
1275 1276
1275 1313
1276 1277
1276 1314
1277 1278
1277 1315
1278 1279
1278 1316
1279 1280
1279 1317
1280 1281
1280 1318
1281 1282
1281 1319
1282 1283
1282 1320
1283 1284
1283 1321
1284 1285
1284 1322
1285 1286
1285 1323
1286 1287
1286 1324
1287 1288
1287 1325
1288 1289
1288 1326
1289 1290
1289 1327
1290 1291
1290 1328
1291 1329
1292 1293
1292 1330
1293 1294
1293 1331
1294 1295
1294 1332
1295 1296
1295 1333
1296 1297
1296 1334
1297 1298
1297 1335
1298 1299
1298 1336
1299 1300
1299 1337
1300 1301
1300 1338
1301 1302
1301 1339
1302 1303
1302 1340
1303 1304
1303 1341
1304 1305
1304 1342
1305 1306
1305 1343
1306 1307
1306 1344
1307 1308
1307 1345
1308 1309
1308 1346
1309 1310
1309 1347
1310 1311
1310 1348
1311 1312
1311 1349
1312 1313
1312 1350
1313 1314
1313 1351
1314 1315
1314 1352
1315 1316
1315 1353
1316 1317
1316 1354
1317 1318
1317 1355
1318 1319
1318 1356
1319 1320
1319 1357
1320 1321
1320 1358
1321 1322
1321 1359
1322 1323
1322 1360
1323 1324
1323 1361
1324 1325
1324 1362
1325 1326
1325 1363
1326 1327
1326 1364
1327 1328
1327 1365
1328 1329
1328 1366
1329 1367
1330 1331
1330 1368
1331 1332
1331 1369
1332 1333
1332 1370
1333 1334
1333 1371
1334 1335
1334 1372
1335 1336
1335 1373
1336 1337
1336 1374
1337 1338
1337 1375
1338 1339
1338 1376
1339 1340
1339 1377
1340 1341
1340 1378
1341 1342
1341 1379
1342 1343
1342 1380
1343 1344
1343 1381
1344 1345
1344 1382
1345 1346
1345 1383
1346 1347
1346 1384
1347 1348
1347 1385
1348 1349
1348 1386
1349 1350
1349 1387
1350 1351
1350 1388
1351 1352
1351 1389
1352 1353
1352 1390
1353 1354
1353 1391
1354 1355
1354 1392
1355 1356
1355 1393
1356 1357
1356 1394
1357 1358
1357 1395
1358 1359
1358 1396
1359 1360
1359 1397
1360 1361
1360 1398
1361 1362
1361 1399
1362 1363
1362 1400
1363 1364
1363 1401
1364 1365
1364 1402
1365 1366
1365 1403
1366 1367
1366 1404
1367 1405
1368 1369
1368 1406
1369 1370
1369 1407
1370 1371
1370 1408
1371 1372
1371 1409
1372 1373
1372 1410
1373 1374
1373 1411
1374 1375
1374 1412
1375 1376
1375 1413
1376 1377
1376 1414
1377 1378
1377 1415
1378 1379
1378 1416
1379 1380
1379 1417
1380 1381
1380 1418
1381 1382
1381 1419
1382 1383
1382 1420
1383 1384
1383 1421
1384 1385
1384 1422
1385 1386
1385 1423
1386 1387
1386 1424
1387 1388
1387 1425
1388 1389
1388 1426
1389 1390
1389 1427
1390 1391
1390 1428
1391 1392
1391 1429
1392 1393
1392 1430
1393 1394
1393 1431
1394 1395
1394 1432
1395 1396
1395 1433
1396 1397
1396 1434
1397 1398
1397 1435
1398 1399
1398 1436
1399 1400
1399 1437
1400 1401
1400 1438
1401 1402
1401 1439
1402 1403
1402 1440
1403 1404
1403 1441
1404 1405
1404 1442
1405 1443
1406 1407
1407 1408
1408 1409
1409 1410
1410 1411
1411 1412
1412 1413
1413 1414
1414 1415
1415 1416
1416 1417
1417 1418
1418 1419
1419 1420
1420 1421
1421 1422
1422 1423
1423 1424
1424 1425
1425 1426
1426 1427
1427 1428
1428 1429
1429 1430
1430 1431
1431 1432
1432 1433
1433 1434
1434 1435
1435 1436
1436 1437
1437 1438
1438 1439
1439 1440
1440 1441
1441 1442
1442 1443
# 0 1443
