1444 4332
1128 539
754 737
667 100
427 1108
866 42
280 1240
1236 1022
1330 1181
815 1119
222 1024
19 848
513 725
154 1153
1168 1152
247 1088
957 215
703 172
1271 91
497 331
944 189
611 999
158 993
1362 672
1198 512
312 866
1305 743
584 968
108 1271
725 256
63 84
610 717
802 1415
1383 1009
62 487
764 1030
1208 754
99 42
1035 1072
926 125
272 1066
1038 957
926 120
241 672
19 828
882 856
1176 469
12 962
293 86
128 254
215 887
981 15
996 106
1421 110
910 229
420 1104
216 1312
1038 941
424 1271
130 394
714 623
69 1023
271 547
1429 275
466 206
718 1125
823 1340
497 362
745 732
677 392
982 697
144 1303
690 974
525 1378
376 637
1378 557
280 1288
400 857
1383 1061
637 62
1189 1020
22 396
1129 787
1122 1215
884 405
320 1297
692 594
343 999
1030 30
175 751
787 1409
441 334
161 454
1042 14
240 1092
601 25
1088 434
1029 1382
789 1034
100 1048
1144 1391
1386 327
1072 1348
1258 209
1314 754
419 586
1140 1211
511 51
186 1105
1037 706
1297 1119
300 182
1088 420
970 1338
95 1276
706 854
1075 1273
708 425
1065 168
363 1306
647 1386
1260 351
45 663
1079 474
1395 1356
515 361
866 11
1016 837
650 51
230 1213
550 172
1311 909
1096 1114
66 527
1274 671
708 439
222 1091
1296 708
1233 378
701 1363
1068 1266
1226 743
587 79
346 79
63 1287
911 407
585 376
1218 1010
482 1427
856 156
1266 1369
224 808
532 1351
99 255
403 633
1276 246
1333 113
253 529
1187 948
1187 949
489 512
623 833
504 741
1399 1435
1067 603
1155 590
99 248
957 278
294 807
1419 865
584 119
1354 824
1276 1248
911 425
213 387
849 626
1254 1009
1093 1203
769 425
605 745
1053 1093
701 1395
357 393
977 1352
97 642
632 833
489 536
106 117
1097 479
1432 644
1276 1258
354 537
1254 1018
984 269
1223 1361
1253 807
656 574
1204 639
584 134
495 1173
377 1288
498 581
1420 1175
563 275
811 620
647 1321
133 1285
1204 646
17 1388
12 149
452 1100
176 1279
529 1437
550 1335
599 15
934 779
833 780
501 913
151 1287
1125 758
1047 989
1361 448
1223 1333
269 471
324 716
111 141
1255 460
841 1351
631 627
531 750
125 457
326 305
226 478
1000 1246
707 264
77 150
1310 731
18 623
1266 1358
434 1117
996 930
933 521
1345 59
931 1419
569 766
1030 831
384 1219
506 344
590 272
205 1202
539 1300
979 378
67 1427
643 1271
91 182
613 68
580 847
801 1138
1042 78
852 927
640 1438
1195 708
1135 148
609 0
1141 1439
88 1268
1266 1417
588 989
539 924
1323 1277
1272 1030
1336 10
682 1147
477 688
34 231
1440 484
843 1052
253 55
337 1020
824 657
1026 30
506 1045
1155 515
1244 730
446 1379
653 727
289 822
536 257
1098 769
1366 691
888 592
1022 254
397 473
733 1372
665 46
941 11
501 925
725 1076
123 865
1315 919
65 249
1101 1298
519 328
478 1424
1341 724
729 358
976 1137
719 991
405 1043
928 67
971 132
48 416
115 1174
1195 637
704 1151
912 732
992 1422
412 719
1061 133
880 448
298 1286
1201 1123
73 1093
638 418
1372 980
348 426
689 191
1003 765
1186 722
841 558
477 692
962 120
88 1260
996 902
339 419
1243 94
23 634
1107 636
23 635
242 904
1215 335
1051 675
951 620
805 1348
1211 1099
1195 685
682 1198
851 1176
132 871
1225 1013
248 1281
994 1039
552 696
459 1169
219 844
343 185
1218 1065
968 633
39 442
654 945
936 412
505 141
21 1406
417 1351
792 451
644 738
880 419
1057 1154
326 1072
1059 738
1243 67
1318 766
410 1384
1020 678
10 473
847 1067
1092 1093
54 728
482 722
596 40
736 687
628 1009
736 683
584 78
989 517
65 295
1173 522
409 271
970 786
148 640
335 223
57 581
1349 832
380 473
252 237
342 756
736 63
456 1172
747 386
557 927
377 877
1266 888
1371 768
94 1050
38 27
1430 101
1004 1370
50 642
39 461
93 643
1165 1371
13 1389
1058 580
816 937
774 341
750 670
358 548
241 735
26 51
383 15
393 405
1352 1302
407 651
1255 1206
1132 377
639 1159
30 177
1325 483
179 861
588 112
1091 837
1122 886
9 820
376 1088
1021 837
546 375
775 1011
757 528
524 1181
392 252
943 764
265 423
862 1331
466 295
1107 55
1193 1041
1247 1143
859 957
639 1141
9 853
28 1423
277 75
477 623
194 244
792 428
847 124
800 1007
951 638
594 296
320 663
738 234
742 915
1368 221
759 980
1410 464
829 968
1158 316
592 1269
741 726
528 1152
646 354
1117 129
320 1213
1185 2
184 728
750 1174
802 547
350 439
766 672
885 732
1080 256
529 716
1292 12
570 740
970 712
966 1189
1319 167
826 296
339 496
1074 151
129 1148
1437 886
437 691
197 1237
524 1197
924 434
818 580
122 1176
883 1296
317 361
1139 1110
407 619
628 90
643 507
958 1018
535 818
535 840
179 1113
1278 803
1265 1024
725 266
1401 511
560 24
528 1129
886 996
1001 347
566 1008
1224 231
758 733
114 770
157 1072
503 1222
64 895
559 566
550 202
720 825
1251 451
117 75
392 200
100 590
1054 1374
1212 1237
1044 339
73 154
789 149
337 698
1172 1107
1385 944
1124 498
287 374
679 1364
1007 823
259 122
522 887
1378 475
634 510
1409 1287
1419 76
1428 134
98 1234
176 242
777 968
652 355
893 368
578 86
513 1189
315 58
488 408
617 1142
672 1280
406 1305
279 568
152 346
1394 227
247 1197
92 203
351 605
1137 472
1362 795
141 1303
522 868
303 52
126 712
599 741
77 1102
1160 674
965 794
285 726
980 1072
1291 1271
617 1116
108 1184
303 714
481 564
1405 1124
591 87
602 822
631 1058
44 553
1146 485
105 697
404 164
1193 113
1176 591
1017 326
221 915
398 606
969 810
471 913
391 718
840 195
369 363
456 757
981 593
53 1392
948 309
1122 100
268 1086
248 672
1057 498
186 1246
1238 712
1305 811
740 1366
773 1378
664 1059
119 981
481 596
743 1264
622 1236
731 309
35 1306
1347 338
948 1333
1423 1191
514 203
1072 401
297 1177
151 103
62 323
51 756
62 326
1038 883
1421 1346
191 259
818 623
622 1220
172 1074
243 1026
852 1357
617 1193
873 962
698 991
593 838
1295 640
316 170
1260 246
108 1145
100 1174
643 375
621 478
1397 903
1394 293
779 557
213 84
653 578
462 1096
1240 833
1228 291
1353 782
121 63
869 356
347 1021
653 570
449 531
225 66
669 1415
751 173
1419 65
229 1181
958 322
488 429
263 800
689 314
656 68
724 717
204 486
1354 76
460 1224
1137 1305
157 82
11 655
1049 664
770 218
316 1083
1068 1149
465 713
760 845
912 566
875 1082
1389 953
441 499
629 575
288 506
875 1084
767 706
1127 461
84 34
641 796
54 545
631 708
313 389
715 1109
540 656
816 1257
642 115
1054 688
27 1143
1260 214
198 139
1293 167
979 457
1049 685
570 1131
1003 908
133 1189
377 1145
446 1300
426 868
426 869
426 866
794 941
1302 1187
223 1131
1443 140
929 1014
392 926
1079 381
1228 256
629 581
364 80
1029 2
4 1419
368 964
403 777
474 782
647 1219
1030 748
827 692
157 96
1115 1146
1283 772
1060 621
1178 109
1412 1115
457 1369
1102 1430
348 267
810 518
19 60
734 122
69 204
775 511
1279 1169
634 551
1155 426
1128 1026
862 461
178 1042
406 591
52 976
1340 465
442 1139
1125 870
1414 1374
1084 281
1229 489
627 108
1019 607
1312 441
1096 1299
653 525
1062 235
1007 165
226 1085
449 1343
664 171
406 583
176 1167
1343 284
548 783
312 115
1051 812
756 487
1427 748
160 118
98 1298
1269 645
577 477
1264 43
144 715
713 486
354 464
1252 58
83 488
634 583
634 581
303 744
377 145
947 959
833 645
972 66
238 1359
476 336
683 1350
879 1167
1047 1431
585 1355
503 600
1180 954
1176 553
684 825
172 234
147 550
514 1237
1131 958
534 538
934 908
1149 233
413 869
943 824
1036 1377
252 306
356 893
619 35
826 1173
59 13
757 31
961 667
968 554
674 1196
632 1258
1308 712
799 454
32 760
810 571
43 298
363 726
1406 759
863 743
1175 1053
1028 671
1028 1299
1270 479
1270 478
863 748
1126 143
106 977
292 592
1319 254
1226 1061
38 1383
454 361
1058 606
1042 810
684 842
193 1139
1057 1070
733 53
1181 328
494 590
1140 892
1163 524
832 426
1102 208
926 818
387 1145
713 436
684 853
926 817
1166 385
1196 1181
517 845
863 722
729 227
750 746
499 875
719 885
1128 1129
1201 1238
647 426
915 483
773 839
914 204
345 1208
213 415
686 478
1365 571
614 659
1285 413
575 1422
1126 73
299 492
809 1260
955 1367
909 1144
1206 257
903 601
1014 460
1019 1347
1163 530
1153 802
751 953
1356 1371
317 409
801 235
124 376
1389 871
81 1143
482 19
633 297
413 897
3 459
219 963
1028 629
397 396
690 1315
1074 1071
938 1349
978 292
1053 348
638 504
1039 1337
502 419
262 583
244 647
938 149
445 99
1227 837
858 463
548 704
1209 909
993 354
380 348
934 957
1326 583
678 784
1137 1335
812 146
1101 848
261 1180
608 578
1245 1319
954 334
219 946
118 1121
1323 713
1179 1282
1359 422
225 186
985 623
513 1109
654 802
694 156
623 144
699 1043
457 27
779 1373
986 1049
1188 294
1431 1353
87 498
445 496
1390 733
88 1313
1047 267
1338 1264
1270 1432
649 1014
413 1297
365 1
1407 1426
394 565
407 774
1417 212
1132 250
283 1015
433 44
775 1107
392 139
946 656
1406 1286
1261 1187
479 104
825 1072
1388 1278
94 793
481 1382
73 291
1138 760
802 406
132 945
209 764
630 434
1359 449
699 1021
1339 552
1286 5
124 385
636 1407
1192 1007
1075 281
1182 1025
729 1331
1212 1304
1245 253
789 237
309 376
959 686
1250 992
976 1097
192 551
1270 1410
951 1130
1339 546
453 171
1102 276
1122 1008
392 116
486 879
1069 1350
492 106
1254 166
549 1183
1243 1094
717 1054
965 770
1067 1060
719 1341
1139 1245
282 801
33 922
603 285
1163 81
960 1414
1009 561
574 1253
1330 209
831 237
1143 660
927 180
709 738
951 1199
423 143
241 888
943 876
564 503
1280 164
808 962
1410 390
943 1004
413 1288
1042 855
933 1034
1309 1423
639 1070
177 1384
499 849
722 1135
1178 956
185 1068
1214 819
1319 262
1190 1142
980 358
1357 825
635 706
1199 15
1157 843
511 1265
1052 151
370 1305
409 312
1135 947
918 221
1368 387
265 359
247 526
275 1104
1354 1155
1228 1067
965 215
980 887
807 282
1419 211
411 1339
997 114
104 1377
748 342
1291 289
1219 158
217 1380
1328 1350
949 689
1359 952
1160 784
593 305
672 1164
965 206
226 276
522 539
1156 1047
700 534
1079 1107
1047 797
234 1113
1280 618
925 1033
1250 359
4 831
1161 3
418 595
158 789
583 1364
338 1106
533 194
733 213
1433 38
941 1421
483 1087
481 685
575 1162
360 1248
150 622
1170 159
351 977
399 757
19 1251
901 854
1164 1212
681 1194
15 188
1374 1245
817 923
779 486
1006 1194
889 979
640 813
383 853
575 1179
135 440
741 442
1351 803
483 1076
1204 20
815 496
1064 563
516 364
603 992
884 671
1034 280
684 1002
700 555
861 386
15 110
527 827
108 809
908 786
877 294
545 89
911 201
1258 453
485 1128
746 771
557 64
20 546
711 131
48 1382
382 616
180 945
1382 1443
1331 789
237 712
1321 534
546 227
1015 834
554 485
1328 1394
442 1080
474 683
1387 362
659 86
53 1201
465 625
1413 1431
907 510
867 852
1001 512
1282 273
112 1142
1105 480
618 1046
1206 941
1225 316
32 378
1101 397
406 91
779 430
340 1184
488 553
347 1140
220 1
449 1077
320 1075
817 961
1260 598
527 858
724 1058
1002 774
823 270
1087 1339
1393 138
311 1064
1382 925
890 864
523 757
496 367
425 110
888 1339
293 400
48 1392
1124 1079
815 450
174 702
1407 399
611 1057
251 20
1341 101
1103 1120
854 1284
116 605
576 579
839 1170
957 1068
74 551
995 58
216 814
1096 89
1218 734
1023 1393
308 910
9 277
862 546
670 234
570 1288
957 1077
657 109
1333 359
1060 1204
926 756
197 212
1231 1333
54 426
208 275
498 770
1148 841
1216 67
7 678
711 106
844 162
1389 866
513 582
1233 595
1361 219
705 844
603 907
431 771
1030 1393
653 899
628 425
518 805
876 860
932 4
518 807
655 1300
382 679
287 1079
574 947
384 1011
507 1131
359 1080
14 1326
72 950
932 1011
519 1015
1033 1264
539 615
1173 840
73 1362
1343 93
980 1369
395 705
374 1155
747 936
856 1
54 458
930 928
117 854
1284 1228
1033 1275
406 24
238 922
510 664
1370 248
156 282
1080 935
1277 301
1034 230
495 52
670 277
328 167
928 307
1149 204
881 824
542 171
132 594
173 1248
346 960
103 1168
196 1186
790 141
256 1247
115 1020
1011 769
1197 519
103 1191
728 230
785 262
803 1438
1236 1285
359 1057
647 757
471 61
18 831
590 1325
442 1039
406 1440
1145 908
661 691
708 1062
675 511
699 245
373 602
410 400
796 1236
808 1356
65 1128
189 418
425 998
140 327
184 925
315 944
524 931
1246 593
345 1112
159 1351
1094 1353
1421 827
423 472
1352 5
1339 802
532 817
31 1032
1183 1014
1019 1262
397 241
1245 317
977 583
270 1144
1390 686
308 862
931 382
1140 766
528 264
1097 730
1245 329
1165 244
107 654
669 749
222 257
1284 787
1108 1056
75 1411
1271 173
998 1098
491 810
1365 1194
227 1126
292 236
617 371
85 946
1262 139
228 1046
348 675
1302 300
1236 414
918 1034
1053 1232
1439 251
573 1029
1186 1349
742 751
915 367
1209 1273
959 955
1086 1052
854 1239
399 1288
435 808
472 160
343 361
87 1207
1319 352
302 355
553 278
985 1243
162 428
102 349
305 188
434 66
1360 1252
1436 54
1123 873
742 1092
1345 167
1400 1394
147 1442
137 857
1220 887
464 1280
152 1335
319 1351
196 10
348 608
848 104
1352 1104
1188 540
215 1283
1253 231
729 562
459 517
290 1395
1076 387
1013 314
1408 673
422 87
265 616
52 906
261 433
1411 1005
537 251
1100 1287
864 216
849 387
1331 90
1119 351
911 1032
846 532
144 1081
1161 1438
241 916
427 517
1210 1340
1098 993
184 1251
1311 232
814 1008
699 83
1165 1116
457 1326
517 523
267 220
1018 791
992 681
956 298
680 439
1318 1141
228 1097
624 416
201 395
1201 12
1295 220
1028 960
873 7
815 567
88 1420
141 527
67 476
601 517
535 1300
706 1433
1166 435
108 844
674 374
991 1062
365 1129
546 146
1209 1213
939 434
783 945
141 535
180 1232
444 1073
971 327
541 1175
1251 679
561 1100
520 861
1093 668
582 1011
916 574
1089 108
1142 305
300 1052
180 1269
348 1398
905 1050
86 345
320 1036
727 901
363 439
738 481
797 8
491 1203
21 848
8 815
77 1071
6 99
1088 183
177 1224
537 217
367 481
409 32
192 1130
905 1045
984 1054
1235 1026
932 592
594 79
166 1327
1031 368
350 664
1397 278
299 931
191 633
1244 110
799 1433
410 85
13 1116
307 654
958 1231
1199 965
1179 1363
603 112
1180 1227
871 555
1429 931
328 53
1421 861
154 704
1095 241
1372 772
822 1355
163 623
1419 136
343 352
994 220
94 242
1044 123
256 527
493 490
289 1416
953 1348
97 908
304 98
1081 67
787 778
1213 34
257 798
961 193
622 881
1366 414
943 75
615 738
99 1165
522 427
1295 241
901 774
559 797
1217 1389
541 1106
677 1064
701 799
478 1223
984 1094
178 871
1216 309
165 257
544 565
412 914
702 104
970 949
209 1244
594 20
322 1
1017 369
604 1055
467 277
215 562
92 1165
1341 915
701 783
1117 1093
307 618
958 724
924 212
1022 434
981 279
724 240
1255 1030
1001 1114
429 973
1172 574
585 504
591 619
1001 1119
657 1084
349 813
66 244
861 1110
1201 748
1438 1399
463 945
646 1249
1425 961
222 920
1353 524
1016 318
1429 183
910 792
667 229
752 1263
247 52
234 1003
717 593
1274 1049
1422 299
1241 1047
1304 820
723 749
1433 733
1079 1243
189 513
769 977
479 866
1211 1324
255 1140
692 289
442 425
790 288
1237 31
799 12
802 1305
1026 1154
738 405
449 331
925 452
1282 338
325 70
45 587
571 105
1236 1351
898 860
941 1316
869 1370
1417 505
349 37
1210 524
476 41
235 68
161 1403
436 1051
702 299
545 791
1301 1397
565 162
110 867
723 1199
496 452
925 16
426 245
1315 421
130 1020
1161 252
235 94
401 526
677 280
401 522
1215 1267
1386 1253
424 656
339 1253
476 22
876 113
1177 173
226 196
388 1419
215 706
434 633
992 1167
835 1328
217 323
724 1187
285 922
1164 920
726 81
667 1336
577 638
513 664
595 687
1087 749
777 749
637 1010
547 371
966 395
819 688
1169 1064
853 66
1 271
473 1392
522 1180
247 76
297 1398
234 1020
648 824
1149 986
1015 932
1040 1061
454 955
870 433
725 316
19 915
1055 626
1282 370
984 188
1412 252
912 374
217 317
166 441
334 1326
797 1172
30 869
828 1352
359 1197
61 1395
216 1248
227 353
522 1155
1432 518
119 387
785 327
843 1341
494 885
878 574
1312 652
588 45
952 913
458 191
1393 1189
103 468
246 431
707 590
1117 855
313 1230
682 249
506 258
585 491
1173 1332
1027 599
1221 113
512 405
737 1301
1243 1312
1204 556
295 935
1022 1406
1060 1110
1274 97
645 1015
864 257
138 1263
963 547
1208 471
1183 139
695 971
63 363
1055 1416
1376 686
499 247
539 501
74 652
935 415
1380 1014
673 1273
1232 434
1277 408
613 201
18 759
151 1149
820 564
1060 1107
710 886
1201 1085
1434 119
776 1064
1223 1243
537 902
439 994
736 1038
992 1140
1430 929
244 852
614 79
1040 158
1204 534
1332 890
732 706
101 860
334 1368
1233 699
1276 331
382 580
721 261
1106 550
597 997
201 1035
754 650
254 230
850 180
1027 560
529 1315
576 425
1249 597
306 396
1417 1295
580 986
195 544
169 245
1435 370
678 1057
326 666
472 1369
187 928
1433 776
29 155
899 247
1203 1323
613 233
1120 1429
378 180
376 572
697 543
32 411
871 1426
756 244
161 167
1424 1219
94 948
1257 142
1348 753
727 788
399 1136
861 403
415 44
1078 1065
790 252
246 418
178 1264
614 42
575 1240
1406 890
913 580
927 893
1334 454
1291 1405
1235 253
1298 13
695 946
103 1061
455 356
1168 979
282 244
1257 151
117 723
246 408
98 1045
1441 347
799 590
439 954
1328 337
3 714
607 1348
574 852
1142 176
1013 1093
24 718
1013 1095
686 1190
1203 1345
66 150
629 88
1127 178
299 204
822 914
102 263
1341 868
290 725
641 150
947 281
671 692
791 548
649 297
558 684
665 1016
282 1144
430 665
116 448
816 1402
1102 468
597 47
533 984
924 194
1116 652
407 132
809 562
393 926
647 687
269 1390
735 29
1229 1344
673 1222
1020 787
568 1284
1053 131
417 1270
100 679
1339 1261
343 261
876 905
662 788
1117 1185
89 244
566 302
379 1192
1339 706
282 1166
507 1097
1255 1180
1158 1282
1263 1268
1432 489
1036 555
684 612
493 530
655 417
1261 755
653 828
537 186
1125 1251
566 311
254 146
307 1323
1047 48
865 569
544 496
1285 242
315 1401
760 677
1261 751
408 390
962 241
850 172
252 558
1357 618
1158 1294
721 302
654 86
565 964
804 38
1149 1051
355 899
189 1026
749 1189
1183 159
140 408
1253 105
804 30
612 1019
355 893
851 380
980 1217
1011 816
980 172
744 482
215 1155
172 429
767 504
1311 372
876 919
1271 1369
1400 470
1033 702
381 376
49 546
375 252
270 497
732 1315
535 537
1133 251
1061 1265
863 1310
624 524
380 1149
1217 1423
721 325
109 192
783 1005
1179 596
703 436
189 490
186 634
661 1339
1023 47
211 1433
614 433
900 681
1416 1029
220 69
792 1370
830 612
830 611
1343 462
1174 204
191 1094
981 1301
39 1266
1179 582
279 703
1339 1215
952 983
1059 601
15 819
733 943
457 1202
483 406
361 964
798 1395
129 429
1238 994
1371 409
1431 1102
1139 1436
1408 515
1171 461
503 1372
1253 142
259 497
276 975
265 520
641 1321
44 255
250 1259
33 725
1327 1328
1201 699
1021 1267
1136 924
338 302
471 1151
523 1304
65 752
1225 140
136 738
1089 227
759 840
710 1037
1295 355
743 1085
401 434
1397 389
674 1360
492 342
23 577
579 328
23 579
353 1133
283 1284
850 1391
641 1346
736 751
412 1315
1343 419
967 559
270 1216
1194 548
816 830
93 788
199 10
736 754
508 793
829 858
295 1159
1189 30
940 1210
1152 1206
1215 1163
1171 456
49 14
286 258
353 1120
221 754
770 800
108 755
468 390
1423 1039
922 17
108 754
561 47
387 1308
9 1046
1283 1248
1028 847
1438 1339
661 1309
1122 740
872 873
1044 242
1316 623
1235 1172
679 1218
835 938
350 556
1164 981
723 795
621 731
394 355
738 303
149 756
1146 1425
1399 810
869 1401
528 1265
760 16
1053 165
609 511
39 377
179 1441
586 673
45 486
1239 377
271 689
155 859
79 988
1159 214
757 1243
458 1397
1339 58
712 1383
220 545
1300 1143
780 128
279 770
362 26
228 610
327 1323
465 576
234 726
1179 519
336 782
500 641
1283 1274
94 1346
349 88
1258 57
386 694
300 1138
665 559
224 1429
38 120
72 231
1150 794
635 946
972 412
1425 1311
987 884
1165 28
227 1035
172 1251
785 1390
913 1297
885 826
937 979
242 1102
471 680
966 300
494 1367
1120 865
832 1369
667 587
625 826
136 467
415 911
1047 539
1378 117
974 495
1386 1310
1033 232
1217 304
1112 15
436 1141
669 99
1329 879
883 656
946 1198
190 528
1183 404
506 775
18 29
1023 855
368 421
521 944
1238 31
868 1427
963 857
415 1249
1129 330
112 772
1124 20
1277 915
663 1355
541 1309
554 696
21 567
1443 1151
78 1037
1138 363
1328 41
895 1073
1011 193
1058 165
1215 709
1417 863
176 589
666 314
1283 260
505 506
1295 967
1161 352
290 390
57 1113
338 29
21 574
1411 303
543 78
90 1337
1207 963
539 459
1412 579
1439 924
1439 922
634 1223
1055 305
1135 1356
1055 1151
1033 245
772 80
1042 266
500 265
1040 625
634 1217
897 904
77 566
569 340
1127 1130
1437 491
103 1331
1198 944
1166 630
1279 541
195 810
383 668
393 1282
1277 940
996 5
1002 1287
591 1382
363 54
534 175
838 599
1131 474
811 1421
1042 246
331 695
1339 282
238 1098
1289 1309
516 1311
746 1437
301 1424
584 526
9 1228
852 503
1427 263
859 469
551 1161
917 1053
415 961
203 587
1365 42
249 329
899 520
122 42
602 539
375 811
333 296
881 1118
288 217
855 372
1249 623
1443 1199
1350 1267
1365 67
912 84
560 809
962 614
963 869
994 964
992 1051
1031 685
866 827
366 899
527 1413
400 1047
346 340
866 830
584 541
1055 1187
327 992
459 298
1440 827
620 550
547 249
462 3
210 1116
46 457
482 298
418 1106
1081 123
896 740
877 414
1037 1147
666 1264
210 990
1211 635
1428 411
1376 583
913 488
727 244
877 1090
557 482
1278 1236
972 806
1277 1066
1112 95
738 1274
1235 313
71 904
404 35
519 1282
1406 365
1336 459
236 95
753 992
899 1187
734 667
25 1119
1404 760
1094 1095
454 1138
727 224
261 53
620 1310
1373 715
1324 1060
752 746
771 1422
590 1127
1096 675
141 1039
355 327
1027 1261
30 510
104 127
1377 81
130 786
1379 354
243 1361
613 1391
667 1426
1238 98
870 1086
271 4
479 1217
677 791
1407 1072
1018 912
898 316
353 765
426 527
1097 884
935 593
188 1134
451 963
1228 791
784 151
1113 473
162 277
555 46
527 665
369 674
175 359
6 675
781 1206
1235 350
392 1040
1081 1391
113 1151
138 1196
183 192
1206 1175
462 1381
445 843
1136 37
518 610
828 351
239 953
418 707
433 108
556 264
738 1263
498 128
509 1352
1231 1121
1367 1083
703 1394
426 546
691 1280
717 903
1230 902
518 608
1400 1096
1254 652
741 259
31 735
126 226
911 1301
1112 217
22 1320
268 652
1069 668
859 1064
935 587
714 267
756 1283
921 272
625 853
921 271
1299 112
884 1001
110 1214
1372 1386
43 1148
1179 658
47 623
171 306
878 618
26 1385
451 1257
895 413
1245 554
782 1428
1057 702
366 88
371 721
493 694
181 1252
767 430
27 295
1243 941
947 1365
321 1150
640 232
1004 546
1413 712
592 283
879 893
681 1423
1335 1142
173 1048
680 261
680 260
400 368
458 924
464 1083
803 388
333 207
156 123
762 1007
188 1220
260 436
87 1426
90 259
856 562
1083 532
1083 569
640 242
400 350
728 1331
1133 101
289 1204
177 873
787 905
1220 615
1364 636
1277 120
1301 1404
1270 123
617 136
564 853
837 19
1048 803
938 467
1212 927
590 699
1026 749
1163 871
24 409
698 1163
818 168
1130 1051
1140 547
307 1204
1130 1049
701 906
814 1291
16 535
321 1138
228 527
1429 778
541 538
847 550
921 208
72 1330
694 633
384 909
656 1371
814 1277
937 245
399 1077
227 319
1199 1345
1366 264
1011 933
534 1334
1024 1364
75 167
1213 1147
214 101
1070 1358
137 46
1211 701
1143 385
1415 342
931 1022
133 670
1279 1443
118 387
48 866
966 600
1422 804
1083 526
1232 590
387 740
17 786
881 212
26 1321
10 35
627 1289
1292 1208
760 590
322 607
389 348
53 914
22 858
172 565
142 1313
576 1295
1411 1214
953 654
393 863
1357 306
309 842
854 1436
1052 1223
610 218
371 1116
178 243
737 486
1364 687
771 927
590 663
1358 570
931 533
792 1232
717 1376
468 245
778 809
1315 1356
478 1007
501 1124
307 1279
860 374
1089 333
458 995
672 528
458 998
850 94
225 1283
712 1052
14 992
1145 1197
464 226
1271 301
492 495
1109 1158
794 471
1079 852
1234 192
1166 683
701 962
1079 858
813 728
506 812
1067 288
862 82
730 539
879 814
695 1391
92 857
718 343
1184 743
372 166
401 1294
1351 652
352 498
170 116
1401 1287
1045 176
509 693
100 145
167 1250
325 1112
400 1128
1214 509
630 1091
793 222
616 750
1223 407
457 708
250 1347
1280 464
971 1246
1142 964
1343 1253
1066 1214
340 702
1171 543
1062 800
640 1084
322 1343
644 316
383 718
233 68
548 1340
437 216
1421 617
315 1385
1331 155
650 412
259 585
544 357
1274 176
656 902
46 1144
218 174
1243 973
1074 1371
36 1133
1285 718
223 273
100 114
1294 683
798 1093
503 170
1215 754
1370 941
844 767
841 901
1247 187
1414 931
471 570
1421 1040
1214 1318
1250 1352
809 868
936 824
99 715
508 1132
903 1192
801 777
1329 924
607 812
1263 1195
1285 1230
492 426
1158 718
591 1229
1084 1383
1339 133
74 1026
177 89
246 1113
577 897
1089 43
533 1000
257 89
1313 1065
1053 75
1085 950
250 1413
215 504
1279 639
788 367
1321 1008
1354 578
306 1043
702 486
381 1002
26 932
595 1360
465 302
690 424
23 1406
830 364
728 23
1093 947
900 1360
1114 1346
270 53
940 601
634 1119
1005 919
121 1281
272 229
638 1260
747 884
583 1005
627 536
1257 1277
645 387
708 103
733 335
402 1422
2 1113
292 1210
890 935
907 1112
507 223
1298 1019
1100 285
32 1234
1175 720
238 611
980 799
167 430
394 189
1111 978
124 1338
375 990
757 232
883 519
135 325
964 993
1007 501
1342 1127
27 52
1232 1273
809 816
160 535
1339 177
1367 628
904 1228
368 597
558 32
352 433
1204 366
800 494
831 99
990 1304
899 407
809 802
584 401
735 1237
709 334
508 445
1017 789
796 100
335 809
926 432
843 16
506 857
1014 915
1375 1127
66 868
1210 347
418 668
1150 618
1100 264
707 782
254 409
1094 301
934 495
339 1015
760 1203
82 1201
838 491
1378 890
137 1016
1093 974
1017 770
1218 401
415 816
891 309
74 1089
1411 231
546 33
189 14
667 405
1164 1378
980 86
1042 349
1005 1203
238 652
214 1163
1151 874
459 176
1443 578
733 389
819 437
973 977
39 16
602 1399
376 1385
409 808
75 1278
775 955
1222 168
703 1259
1211 514
1012 1203
1376 467
1211 517
332 103
1052 605
1192 399
1440 757
240 142
1273 720
715 359
613 899
358 1349
148 1140
859 1127
739 811
527 1359
1242 1299
875 918
1047 1005
523 618
454 738
365 725
454 1025
1288 600
48 141
304 562
821 1378
385 190
784 1044
55 334
1148 1105
856 1279
69 623
1283 309
1248 584
954 781
678 297
196 1235
1248 586
1203 975
429 1293
725 502
878 798
345 861
1169 553
449 177
1127 7
892 36
1096 781
330 512
744 180
967 1123
1221 1168
1422 1198
1266 1026
1048 1291
431 662
1159 904
1297 609
148 1127
152 721
1062 694
1182 106
302 995
1098 388
1312 865
879 187
678 235
1112 309
454 785
1041 150
1192 95
188 1016
33 489
537 1351
413 388
892 1030
1392 269
771 1367
103 661
842 168
1442 1017
93 1354
691 1134
450 16
796 989
627 581
429 1284
960 956
1412 434
152 789
635 360
1164 292
1183 323
619 516
1412 432
1083 453
335 16
985 126
698 586
1205 538
50 903
911 745
1181 760
485 191
432 891
1268 827
65 1235
856 451
1004 767
449 129
190 95
662 113
1440 1180
1372 1270
576 688
306 1029
1006 356
1216 1052
757 2
1232 628
1420 479
311 1103
807 351
1080 605
87 907
1433 512
962 561
747 859
319 414
1441 156
641 1169
422 315
878 734
123 527
169 850
253 118
232 1360
282 1386
318 234
789 611
670 1395
1009 907
1220 45
685 6
1113 1188
1053 1375
215 1352
523 1154
656 1440
1313 162
592 160
378 727
303 246
203 705
625 159
760 454
117 1410
253 1048
1313 160
758 403
1325 766
96 794
1343 1351
919 857
422 1130
805 1051
621 955
648 1392
1084 695
416 262
686 1023
806 905
95 542
680 345
1013 685
789 633
758 419
939 1067
1332 1287
1284 1178
26 115
1395 962
1405 938
1081 847
999 414
619 1037
962 488
568 1069
497 800
641 1178
980 1405
328 1235
787 1023
244 210
401 21
259 681
626 397
535 301
278 27
920 763
289 1147
41 238
935 752
720 1216
564 911
650 388
386 1361
679 551
429 1310
720 334
843 491
149 597
389 203
646 686
763 1286
1407 506
1385 1220
538 199
990 961
1262 280
271 1193
146 719
1415 1143
838 1012
590 1014
178 343
1194 774
334 567
324 1100
265 1312
1292 1323
19 233
111 1394
615 480
470 242
265 743
1090 310
636 1048
1013 643
951 965
1006 1319
356 437
1375 205
102 1024
606 4
369 850
765 79
943 1411
196 1205
192 974
664 583
1107 1381
1220 541
648 1340
632 479
911 1144
405 728
1157 1317
1099 616
121 994
92 717
1155 1037
332 907
824 1322
330 1348
1331 1077
674 252
176 762
784 877
1350 22
620 724
1102 1081
789 1340
341 820
1424 509
1401 894
508 525
134 7
1185 875
646 1418
1063 949
14 888
941 837
1408 751
106 1207
968 1326
595 18
830 403
79 12
609 302
964 905
642 1278
714 1412
861 1291
362 986
973 1434
1408 741
393 1302
895 395
551 157
755 1147
1351 778
1136 700
391 316
223 100
221 519
1062 1136
360 52
792 1109
546 69
359 64
1251 772
898 1082
167 395
867 1346
64 1107
146 1226
958 1355
1151 794
543 859
191 746
141 80
1374 1096
141 82
788 452
164 552
1107 919
65 548
1149 1212
1381 1042
335 1225
465 357
1350 503
515 897
1257 1247
199 1232
1275 1377
192 1438
822 790
944 678
1087 1090
712 1130
408 532
993 771
976 295
1111 191
516 1159
1378 945
878 707
1071 685
975 1309
626 1001
1384 9
198 614
229 661
753 190
1179 719
992 506
16 439
592 994
420 723
489 288
1038 350
1191 978
514 629
1170 1163
708 7
621 993
1396 383
315 1297
1343 609
1230 1038
1229 802
214 1219
634 1150
687 1154
1369 172
830 454
725 28
788 467
156 869
1201 430
909 731
671 413
749 1336
222 1379
408 1196
14 866
1131 43
372 252
425 199
525 187
1236 726
803 1019
689 406
259 1194
755 1209
891 647
246 716
208 660
1073 134
884 203
553 1434
893 246
637 1315
724 670
942 359
1418 411
1371 1384
1395 1132
682 529
1251 151
908 1286
937 1393
472 611
844 552
794 1194
948 889
819 973
745 926
111 733
1269 1055
284 1149
425 534
1143 1337
1136 558
1375 70
1233 994
1440 1092
630 154
444 398
78 140
98 604
702 1389
190 783
154 292
666 550
168 580
368 200
1166 824
584 743
804 889
354 382
840 1311
384 660
37 243
288 483
265 160
199 267
1322 321
231 609
892 890
910 460
1383 1263
50 1390
461 1344
267 1390
1261 1240
1131 235
876 49
1155 1236
419 335
586 386
427 178
1129 1426
917 1297
191 125
84 356
958 217
119 861
487 771
1209 338
726 1133
838 357
1264 208
151 464
29 420
871 148
605 177
942 314
764 316
1239 1131
525 1122
28 202
1170 560
52 467
765 592
1331 310
578 1035
1362 877
1153 1169
321 604
1022 856
545 1213
303 1278
167 347
584 791
95 1038
309 1033
589 84
640 17
1136 598
0 383
775 1337
1106 290
1370 668
1226 1431
917 1285
598 612
781 1077
594 991
1197 924
176 789
1203 660
126 863
272 536
397 62
120 385
934 1091
0 372
420 211
356 1165
457 460
1135 307
1060 941
1209 350
324 77
509 376
312 93
637 1387
908 1255
1111 1367
1071 1352
1155 1252
1059 164
910 424
828 1052
979 541
1055 981
1191 447
303 1253
738 1047
191 160
1147 104
634 234
565 54
632 622
1105 827
934 1012
1076 875
692 47
962 877
852 1268
868 611
1334 157
406 275
613 785
978 320
1188 983
1214 294
1133 737
683 1258
26 650
1428 66
20 116
1076 864
473 811
60 255
884 293
942 1222
1178 684
1218 1262
202 986
553 50
451 759
1075 608
115 824
448 499
127 1323
790 569
710 11
351 1235
541 67
1322 396
679 45
296 616
82 765
311 427
916 1422
1442 229
344 948
172 766
2 54
451 748
1127 1304
446 896
634 263
1194 1142
566 715
431 302
606 373
54 888
580 642
391 1413
1069 461
268 858
296 627
763 109
56 470
700 157
388 753
432 580
882 687
936 101
982 1037
468 959
531 935
1377 1132
118 688
927 568
434 179
828 104
908 385
545 1275
1416 49
840 440
377 279
1269 546
1124 725
367 825
706 1083
1406 550
361 372
546 621
848 629
61 1087
130 521
432 525
1228 560
661 222
1244 1095
685 395
947 1175
347 766
289 1098
392 1287
88 1082
740 697
795 827
1119 752
1254 1295
899 1388
50 1354
743 1324
708 264
577 358
1156 136
768 1333
1254 1287
520 1276
1369 1380
663 1140
635 495
1297 60
610 1224
860 513
319 546
826 505
748 1244
938 68
1175 888
951 26
540 1375
438 36
800 63
1302 19
267 620
330 607
1379 151
541 393
1286 1205
1404 93
149 282
560 146
349 468
688 161
910 1328
95 886
757 701
141 132
1368 1152
922 219
382 256
968 426
637 842
220 1127
206 69
1073 1438
468 894
372 785
601 102
76 1149
1397 1250
881 471
413 733
699 708
374 381
1162 817
607 1042
582 229
471 368
1107 1215
11 476
1335 454
760 301
1030 591
240 1347
218 54
527 484
888 364
774 520
1428 16
808 875
1068 255
997 1285
1124 1420
126 1128
1180 871
825 1129
580 1410
872 1386
469 236
579 833
239 1412
1121 1274
285 584
1413 984
1245 31
647 372
937 483
647 377
133 445
260 625
1406 1110
1302 1165
72 506
429 593
801 1430
987 389
817 1067
634 168
1157 303
792 204
1208 80
1117 60
679 33
1235 637
1000 54
809 238
1121 1234
94 669
756 1434
1434 388
559 392
1000 97
552 445
1015 360
1270 325
318 335
415 376
546 1429
982 918
322 1166
1104 1428
557 1194
107 1295
1385 1381
1070 1133
892 1323
215 168
628 1247
387 513
1205 1009
1110 463
1128 1214
458 708
56 555
1304 328
264 1105
391 246
418 170
1343 1050
1109 846
563 875
414 950
904 323
947 568
773 302
903 1373
1352 678
357 984
803 1096
198 943
300 319
227 919
1422 1418
36 96
142 323
6 1190
966 896
1035 800
1252 1249
467 690
649 1133
207 449
1307 1041
330 1215
543 757
1187 1218
1389 397
517 104
146 1128
396 1266
259 1249
1219 1430
393 654
996 1361
1435 1234
452 230
1273 142
421 1284
827 55
1367 203
773 320
1415 1413
29 1187
616 1390
760 385
619 388
1229 727
889 562
362 623
1217 126
335 891
584 1173
1243 324
1193 872
1200 1135
43 1315
1230 390
105 607
729 1441
736 404
658 711
6 1163
195 290
468 1289
585 942
71 360
1230 399
947 593
459 120
62 613
620 809
713 943
86 762
1140 1073
904 366
851 893
1283 920
48 30
1251 226
1323 661
106 807
63 828
750 870
116 1329
791 864
1165 672
1063 857
447 189
1079 651
277 855
1117 374
141 976
15 527
383 1231
1084 1116
629 1168
1247 1333
537 69
300 340
1383 1206
1064 1387
226 1402
852 17
99 963
787 1117
371 590
694 454
148 819
24 299
775 1295
655 905
74 172
478 15
1002 382
584 719
1345 585
860 1440
1109 875
830 338
90 1090
793 410
1271 533
1189 391
543 770
1246 147
611 1442
1265 413
242 778
850 645
337 453
618 74
814 1409
307 1002
1227 267
314 341
729 814
764 226
356 1298
1272 759
1263 715
1273 1202
411 107
970 35
496 893
1022 1012
407 1154
44 1301
1426 1053
642 740
455 707
35 736
1143 858
901 500
910 328
936 1201
974 380
581 25
77 1311
58 847
1312 1441
678 1414
876 556
70 1105
718 395
780 684
328 652
305 1430
706 19
1430 1329
1257 588
1421 485
545 1131
142 1197
448 1357
991 1323
916 1390
1119 1087
1355 597
924 1345
587 489
750 179
517 1066
529 761
532 284
1421 476
51 979
280 214
643 1190
885 349
214 964
246 843
722 972
91 1277
1183 541
293 961
446 935
290 261
62 1168
293 963
284 1002
1378 674
1094 557
211 1093
548 126
98 1438
1056 1086
487 892
584 656
69 1324
1372 138
1167 320
1294 39
1088 560
44 1345
1156 1355
98 546
1079 28
647 1046
844 470
898 1222
1009 1139
891 558
1357 1388
205 1171
215 15
771 97
52 349
128 1258
814 798
1146 698
642 792
443 294
815 107
1166 977
167 227
1002 427
1134 863
965 597
970 53
525 1238
1419 546
1120 1024
1049 1104
1089 1081
256 223
671 1228
497 278
111 649
190 1309
1151 1425
910 1188
443 281
546 569
928 1220
384 581
136 399
959 353
1092 935
970 45
457 340
948 103
481 377
1434 1288
695 1008
1398 943
280 249
755 1352
818 1383
341 151
275 258
474 990
656 1294
56 388
1231 646
391 909
356 1218
1118 655
1105 713
48 1065
1034 543
761 1220
634 362
1266 1246
50 1205
1297 1022
520 32
796 308
1083 1140
741 187
1237 267
1262 521
888 198
1332 433
1135 203
514 479
388 614
26 744
220 1316
1025 531
897 208
1273 949
1081 670
1402 1268
336 1168
1090 474
181 1073
821 379
177 240
929 1259
897 1042
925 840
475 335
245 649
1149 548
714 340
55 1186
277 1094
1203 742
1023 1039
1318 712
544 902
1081 614
67 834
1104 540
355 494
982 973
954 964
685 1407
160 382
858 1300
364 1215
557 1013
1275 537
487 1257
761 1260
511 641
637 197
506 1404
580 1317
1360 528
1260 893
1115 1318
369 1130
113 290
1003 701
1368 30
931 1300
549 331
1146 615
375 776
948 966
604 647
1312 208
1368 600
834 223
115 1383
963 100
374 523
964 1311
414 1130
783 1407
914 1010
1333 641
1397 746
1299 1294
419 1044
389 869
418 837
445 710
1275 514
753 836
360 212
480 971
141 1182
1377 450
532 1227
2 1317
460 662
1384 1316
742 397
206 269
1335 41
20 297
563 169
414 1121
1404 833
688 1010
76 696
168 435
326 203
1399 347
994 82
83 1278
1185 177
1179 182
728 589
1083 234
726 993
1335 356
420 944
1389 209
1187 658
97 379
185 848
631 415
1304 493
1258 813
1258 1101
1044 689
905 417
929 11
802 220
456 184
147 1137
1365 783
1367 377
1028 437
1229 688
150 166
264 54
1441 1174
1030 488
171 98
1138 950
33 313
1358 479
897 1091
274 952
542 406
637 955
101 443
1198 196
471 265
1244 645
474 934
420 925
848 74
511 570
331 968
106 1017
1389 221
734 709
8 536
110 1429
931 1337
1347 40
615 206
194 1183
825 1242
1093 368
468 793
11 368
327 398
1173 442
917 73
92 908
1101 647
362 1029
848 442
679 382
1141 455
1343 1113
1394 928
609 166
1311 1245
897 156
23 994
269 187
86 806
922 1114
1201 267
625 344
408 1366
1355 613
548 920
427 855
228 226
285 476
781 4
809 120
857 433
951 1356
1101 1160
372 866
660 700
131 968
1376 272
798 862
204 1049
274 910
1082 818
465 191
1198 167
1437 41
1034 532
1359 64
559 1371
811 1074
171 88
987 494
900 204
1084 413
1267 755
1229 648
421 1128
758 222
985 898
1180 799
493 973
1212 603
552 550
88 428
898 389
841 632
394 793
1156 886
914 408
931 1368
173 233
1267 762
953 784
1150 1343
884 195
1423 143
347 700
356 689
992 325
1179 930
62 536
1031 1225
564 1094
1038 573
675 1072
850 533
675 1076
56 1258
820 910
732 271
719 1146
910 390
620 968
622 577
163 945
137 537
871 1035
610 59
559 421
337 1301
847 221
1155 1268
245 1121
631 1369
1040 38
249 764
64 1329
193 564
90 1157
1132 499
1299 811
670 803
1039 50
1097 1271
182 1259
306 755
858 672
163 958
22 1074
1085 652
1066 566
662 1017
1339 314
1294 521
586 1384
670 813
470 838
23 1213
250 571
1259 1332
1316 214
461 945
1038 543
304 1328
622 18
293 1262
1201 233
903 1261
245 1147
971 1353
88 498
524 1088
609 34
1268 176
738 780
1266 566
396 1179
1240 1228
163 982
595 193
687 2
1167 1179
179 774
1368 1070
585 853
334 713
1008 1002
368 1075
565 579
880 100
8 1322
1250 769
64 996
916 892
1320 711
140 819
993 536
435 1331
652 167
1200 854
390 746
782 1332
1345 433
337 594
147 1179
864 747
1403 698
120 515
1193 783
888 207
982 195
117 275
1080 393
1201 204
1291 701
894 311
1027 14
1312 1431
293 1294
31 1336
521 778
136 1442
1011 1210
499 1090
1068 175
974 488
1187 1117
287 1441
559 445
266 384
363 988
364 303
954 177
1021 522
51 1318
286 695
159 1006
1178 707
411 17
782 1312
867 592
747 1276
# 0 1443
