100 300
76 21
29 32
51 87
29 33
99 20
1 5
97 81
1 8
12 37
12 38
23 9
46 4
3 82
63 65
70 35
84 2
13 12
11 76
18 24
64 37
75 49
99 18
58 45
57 73
98 40
30 13
53 31
97 73
53 37
46 42
95 8
64 43
39 75
69 59
5 33
65 15
5 36
17 68
41 23
92 50
52 73
0 37
98 74
54 16
45 0
12 15
11 47
44 91
81 76
63 87
6 14
44 89
45 59
60 4
71 26
9 84
92 88
59 32
93 53
92 86
33 81
97 94
27 86
49 91
1 15
28 57
0 44
33 66
97 92
46 20
64 72
87 46
88 12
4 84
93 47
10 93
86 80
44 77
44 79
65 38
70 63
58 77
71 33
0 41
97 87
16 71
59 42
34 29
75 94
54 38
93 81
27 56
60 34
44 74
22 42
29 2
89 13
29 1
21 9
66 12
17 11
65 48
5 67
64 79
5 68
70 76
93 8
45 31
11 35
70 0
7 13
44 56
70 3
17 25
16 57
93 2
0 62
37 92
99 47
33 38
43 1
60 55
83 56
60 52
89 4
88 76
20 79
71 69
21 46
43 76
37 89
7 27
72 37
71 64
59 76
78 33
55 33
83 43
61 35
38 39
65 84
82 73
15 63
15 68
72 48
72 45
6 61
94 55
5 94
76 86
27 2
78 45
78 48
85 17
32 46
42 3
27 7
83 72
83 73
44 28
90 45
19 78
20 56
67 27
37 68
49 39
80 5
72 59
33 21
94 88
72 71
25 83
30 8
51 10
53 3
49 33
66 76
48 63
44 15
88 86
7 59
15 47
95 43
30 2
27 19
72 68
62 28
19 80
1 72
71 93
94 77
32 28
31 59
30 85
3 27
4 2
37 39
51 28
48 56
60 97
66 86
83 95
26 5
90 66
36 71
62 32
20 33
97 18
19 53
36 76
30 90
55 73
73 60
31 46
57 18
32 17
25 65
80 16
95 70
32 12
50 69
41 90
43 31
89 77
13 82
9 12
43 27
43 23
74 26
55 87
7 72
96 70
48 5
52 15
31 34
2 79
67 72
84 89
67 70
4 19
69 10
35 81
35 80
42 44
43 16
40 0
78 91
13 54
96 69
73 66
19 32
78 94
7 81
2 74
50 82
72 94
8 53
56 69
13 3
30 58
26 10
51 56
35 69
67 87
51 0
12 99
89 92
58 12
56 77
9 33
29 56
31 14
81 34
36 27
52 39
68 61
80 63
11 92
63 41
93 16
62 75
56 84
75 23
97 54
92 41
79 69
23 83
52 41
81 24
68 70
13 37
45 98
85 66
47 29
13 45
56 95
24 48
30 40
34 84
79 77
# 0 99
